{
 "cells": [
  {
   "cell_type": "code",
   "execution_count": 1,
   "metadata": {},
   "outputs": [],
   "source": [
    "import numpy as np\n",
    "import itertools\n",
    "import random\n",
    "#from rankaggregation import Borda\n",
    "from datetime import datetime\n",
    "import matplotlib.pyplot as plt"
   ]
  },
  {
   "cell_type": "markdown",
   "metadata": {},
   "source": [
    "### Travelling salesman functions"
   ]
  },
  {
   "cell_type": "code",
   "execution_count": 2,
   "metadata": {},
   "outputs": [],
   "source": [
    "def data_input():\n",
    "    print('Enter the number of cities : ')\n",
    "    num_of_cities=int(input())\n",
    "    dist_matrix=np.zeros((num_of_cities,num_of_cities))\n",
    "    for a,b in itertools.combinations(range(num_of_cities),2):\n",
    "        print('Distance between citiy ',a,'and',b,' : ')\n",
    "        dist_matrix[a][b]=input()\n",
    "        dist_matrix[b][a]=dist_matrix[a][b]\n",
    "    return dist_matrix"
   ]
  },
  {
   "cell_type": "code",
   "execution_count": 3,
   "metadata": {},
   "outputs": [],
   "source": [
    "def distance_travelled(route,dist_matrix):\n",
    "    a=route+[route[0]]\n",
    "    dist_travel=0\n",
    "    for i in range(len(route)):\n",
    "        dist_travel +=dist_matrix[a[i]][a[i+1]]\n",
    "    return dist_travel"
   ]
  },
  {
   "cell_type": "code",
   "execution_count": 36,
   "metadata": {},
   "outputs": [
    {
     "name": "stdout",
     "output_type": "stream",
     "text": [
      "Enter the number of cities : \n",
      "29\n",
      "Distance between citiy  0 and 1  : \n",
      "97\n",
      "Distance between citiy  0 and 2  : \n",
      "129\n",
      "Distance between citiy  0 and 3  : \n",
      "219\n",
      "Distance between citiy  0 and 4  : \n",
      "167\n",
      "Distance between citiy  0 and 5  : \n",
      "51\n",
      "Distance between citiy  0 and 6  : \n",
      "279\n",
      "Distance between citiy  0 and 7  : \n",
      "178\n",
      "Distance between citiy  0 and 8  : \n",
      "169\n",
      "Distance between citiy  0 and 9  : \n",
      "172\n",
      "Distance between citiy  0 and 10  : \n",
      "140\n",
      "Distance between citiy  0 and 11  : \n",
      "320\n",
      "Distance between citiy  0 and 12  : \n",
      "174\n",
      "Distance between citiy  0 and 13  : \n",
      "144\n",
      "Distance between citiy  0 and 14  : \n",
      "61\n",
      "Distance between citiy  0 and 15  : \n",
      "106\n",
      "Distance between citiy  0 and 16  : \n",
      "215\n",
      "Distance between citiy  0 and 17  : \n",
      "61\n",
      "Distance between citiy  0 and 18  : \n",
      "105\n",
      "Distance between citiy  0 and 19  : \n",
      "113\n",
      "Distance between citiy  0 and 20  : \n",
      "79\n",
      "Distance between citiy  0 and 21  : \n",
      "236\n",
      "Distance between citiy  0 and 22  : \n",
      "273\n",
      "Distance between citiy  0 and 23  : \n",
      "112\n",
      "Distance between citiy  0 and 24  : \n",
      "130\n",
      "Distance between citiy  0 and 25  : \n",
      "281\n",
      "Distance between citiy  0 and 26  : \n",
      "213\n",
      "Distance between citiy  0 and 27  : \n",
      "94\n",
      "Distance between citiy  0 and 28  : \n",
      "162\n",
      "Distance between citiy  1 and 2  : \n",
      "205\n",
      "Distance between citiy  1 and 3  : \n",
      "103\n",
      "Distance between citiy  1 and 4  : \n",
      "125\n",
      "Distance between citiy  1 and 5  : \n",
      "182\n",
      "Distance between citiy  1 and 6  : \n",
      "296\n",
      "Distance between citiy  1 and 7  : \n",
      "114\n",
      "Distance between citiy  1 and 8  : \n",
      "328\n",
      "Distance between citiy  1 and 9  : \n",
      "151\n",
      "Distance between citiy  1 and 10  : \n",
      "309\n",
      "Distance between citiy  1 and 11  : \n",
      "195\n",
      "Distance between citiy  1 and 12  : \n",
      "146\n",
      "Distance between citiy  1 and 13  : \n",
      "311\n",
      "Distance between citiy  1 and 14  : \n",
      "86\n",
      "Distance between citiy  1 and 15  : \n",
      "165\n",
      "Distance between citiy  1 and 16  : \n",
      "110\n",
      "Distance between citiy  1 and 17  : \n",
      "159\n",
      "Distance between citiy  1 and 18  : \n",
      "155\n",
      "Distance between citiy  1 and 19  : \n",
      "100\n",
      "Distance between citiy  1 and 20  : \n",
      "152\n",
      "Distance between citiy  1 and 21  : \n",
      "163\n",
      "Distance between citiy  1 and 22  : \n",
      "201\n",
      "Distance between citiy  1 and 23  : \n",
      "226\n",
      "Distance between citiy  1 and 24  : \n",
      "130\n",
      "Distance between citiy  1 and 25  : \n",
      "178\n",
      "Distance between citiy  1 and 26  : \n",
      "120\n",
      "Distance between citiy  1 and 27  : \n",
      "145\n",
      "Distance between citiy  1 and 28  : \n",
      "217\n",
      "Distance between citiy  2 and 3  : \n",
      "139\n",
      "Distance between citiy  2 and 4  : \n",
      "71\n",
      "Distance between citiy  2 and 5  : \n",
      "175\n",
      "Distance between citiy  2 and 6  : \n",
      "180\n",
      "Distance between citiy  2 and 7  : \n",
      "150\n",
      "Distance between citiy  2 and 8  : \n",
      "56\n",
      "Distance between citiy  2 and 9  : \n",
      "206\n",
      "Distance between citiy  2 and 10  : \n",
      "227\n",
      "Distance between citiy  2 and 11  : \n",
      "68\n",
      "Distance between citiy  2 and 12  : \n",
      "51\n",
      "Distance between citiy  2 and 13  : \n",
      "64\n",
      "Distance between citiy  2 and 14  : \n",
      "258\n",
      "Distance between citiy  2 and 15  : \n",
      "57\n",
      "Distance between citiy  2 and 16  : \n",
      "51\n",
      "Distance between citiy  2 and 17  : \n",
      "56\n",
      "Distance between citiy  2 and 18  : \n",
      "64\n",
      "Distance between citiy  2 and 19  : \n",
      "157\n",
      "Distance between citiy  2 and 20  : \n",
      "176\n",
      "Distance between citiy  2 and 21  : \n",
      "127\n",
      "Distance between citiy  2 and 22  : \n",
      "220\n",
      "Distance between citiy  2 and 23  : \n",
      "90\n",
      "Distance between citiy  2 and 24  : \n",
      "148\n",
      "Distance between citiy  2 and 25  : \n",
      "286\n",
      "Distance between citiy  2 and 26  : \n",
      "38\n",
      "Distance between citiy  2 and 27  : \n",
      "205\n",
      "Distance between citiy  2 and 28  : \n",
      "36\n",
      "Distance between citiy  3 and 4  : \n",
      "86\n",
      "Distance between citiy  3 and 5  : \n",
      "105\n",
      "Distance between citiy  3 and 6  : \n",
      "386\n",
      "Distance between citiy  3 and 7  : \n",
      "162\n",
      "Distance between citiy  3 and 8  : \n",
      "42\n",
      "Distance between citiy  3 and 9  : \n",
      "150\n",
      "Distance between citiy  3 and 10  : \n",
      "147\n",
      "Distance between citiy  3 and 11  : \n",
      "133\n",
      "Distance between citiy  3 and 12  : \n",
      "169\n",
      "Distance between citiy  3 and 13  : \n",
      "117\n",
      "Distance between citiy  3 and 14  : \n",
      "68\n",
      "Distance between citiy  3 and 15  : \n",
      "196\n",
      "Distance between citiy  3 and 16  : \n",
      "189\n",
      "Distance between citiy  3 and 17  : \n",
      "32\n",
      "Distance between citiy  3 and 18  : \n",
      "49\n",
      "Distance between citiy  3 and 19  : \n",
      "126\n",
      "Distance between citiy  3 and 20  : \n",
      "235\n",
      "Distance between citiy  3 and 21  : \n",
      "66\n",
      "Distance between citiy  3 and 22  : \n",
      "150\n",
      "Distance between citiy  3 and 23  : \n",
      "119\n",
      "Distance between citiy  3 and 24  : \n",
      "195\n",
      "Distance between citiy  3 and 25  : \n",
      "296\n",
      "Distance between citiy  3 and 26  : \n",
      "74\n",
      "Distance between citiy  3 and 27  : \n",
      "75\n",
      "Distance between citiy  3 and 28  : \n",
      "270\n",
      "Distance between citiy  4 and 5  : \n",
      "60\n",
      "Distance between citiy  4 and 6  : \n",
      "258\n",
      "Distance between citiy  4 and 7  : \n",
      "269\n",
      "Distance between citiy  4 and 8  : \n",
      "208\n",
      "Distance between citiy  4 and 9  : \n",
      "131\n",
      "Distance between citiy  4 and 10  : \n",
      "278\n",
      "Distance between citiy  4 and 11  : \n",
      "308\n",
      "Distance between citiy  4 and 12  : \n",
      "104\n",
      "Distance between citiy  4 and 13  : \n",
      "286\n",
      "Distance between citiy  4 and 14  : \n",
      "72\n",
      "Distance between citiy  4 and 15  : \n",
      "143\n",
      "Distance between citiy  4 and 16  : \n",
      "347\n",
      "Distance between citiy  4 and 17  : \n",
      "128\n",
      "Distance between citiy  4 and 18  : \n",
      "105\n",
      "Distance between citiy  4 and 19  : \n",
      "91\n",
      "Distance between citiy  4 and 20  : \n",
      "128\n",
      "Distance between citiy  4 and 21  : \n",
      "47\n",
      "Distance between citiy  4 and 22  : \n",
      "253\n",
      "Distance between citiy  4 and 23  : \n",
      "106\n",
      "Distance between citiy  4 and 24  : \n",
      "164\n",
      "Distance between citiy  4 and 25  : \n",
      "90\n",
      "Distance between citiy  4 and 26  : \n",
      "238\n",
      "Distance between citiy  4 and 27  : \n",
      "155\n",
      "Distance between citiy  4 and 28  : \n",
      "180\n",
      "Distance between citiy  5 and 6  : \n",
      "220\n",
      "Distance between citiy  5 and 7  : \n",
      "154\n",
      "Distance between citiy  5 and 8  : \n",
      "134\n",
      "Distance between citiy  5 and 9  : \n",
      "39\n",
      "Distance between citiy  5 and 10  : \n",
      "268\n",
      "Distance between citiy  5 and 11  : \n",
      "46\n",
      "Distance between citiy  5 and 12  : \n",
      "172\n",
      "Distance between citiy  5 and 13  : \n",
      "242\n",
      "Distance between citiy  5 and 14  : \n",
      "242\n",
      "Distance between citiy  5 and 15  : \n",
      "104\n",
      "Distance between citiy  5 and 16  : \n",
      "106\n",
      "Distance between citiy  5 and 17  : \n",
      "288\n",
      "Distance between citiy  5 and 18  : \n",
      "71\n",
      "Distance between citiy  5 and 19  : \n",
      "127\n",
      "Distance between citiy  5 and 20  : \n",
      "153\n",
      "Distance between citiy  5 and 21  : \n",
      "190\n",
      "Distance between citiy  5 and 22  : \n",
      "305\n",
      "Distance between citiy  5 and 23  : \n",
      "183\n",
      "Distance between citiy  5 and 24  : \n",
      "52\n",
      "Distance between citiy  5 and 25  : \n",
      "135\n",
      "Distance between citiy  5 and 26  : \n",
      "127\n",
      "Distance between citiy  5 and 27  : \n",
      "291\n",
      "Distance between citiy  5 and 28  : \n",
      "291\n",
      "Distance between citiy  6 and 7  : \n",
      "65\n",
      "Distance between citiy  6 and 8  : \n",
      "112\n",
      "Distance between citiy  6 and 9  : \n",
      "184\n",
      "Distance between citiy  6 and 10  : \n",
      "102\n",
      "Distance between citiy  6 and 11  : \n",
      "88\n",
      "Distance between citiy  6 and 12  : \n",
      "133\n",
      "Distance between citiy  6 and 13  : \n",
      "203\n",
      "Distance between citiy  6 and 14  : \n",
      "182\n",
      "Distance between citiy  6 and 15  : \n",
      "208\n",
      "Distance between citiy  6 and 16  : \n",
      "153\n",
      "Distance between citiy  6 and 17  : \n",
      "88\n",
      "Distance between citiy  6 and 18  : \n",
      "243\n",
      "Distance between citiy  6 and 19  : \n",
      "71\n",
      "Distance between citiy  6 and 20  : \n",
      "201\n",
      "Distance between citiy  6 and 21  : \n",
      "91\n",
      "Distance between citiy  6 and 22  : \n",
      "98\n",
      "Distance between citiy  6 and 23  : \n",
      "243\n",
      "Distance between citiy  6 and 24  : \n",
      "146\n",
      "Distance between citiy  6 and 25  : \n",
      "235\n",
      "Distance between citiy  6 and 26  : \n",
      "152\n",
      "Distance between citiy  6 and 27  : \n",
      "84\n",
      "Distance between citiy  6 and 28  : \n",
      "269\n",
      "Distance between citiy  7 and 8  : \n",
      "111\n",
      "Distance between citiy  7 and 9  : \n",
      "65\n",
      "Distance between citiy  7 and 10  : \n",
      "313\n",
      "Distance between citiy  7 and 11  : \n",
      "227\n",
      "Distance between citiy  7 and 12  : \n",
      "131\n",
      "Distance between citiy  7 and 13  : \n",
      "266\n",
      "Distance between citiy  7 and 14  : \n",
      "165\n",
      "Distance between citiy  7 and 15  : \n",
      "84\n",
      "Distance between citiy  7 and 16  : \n",
      "315\n",
      "Distance between citiy  7 and 17  : \n",
      "93\n",
      "Distance between citiy  7 and 18  : \n",
      "81\n",
      "Distance between citiy  7 and 19  : \n",
      "192\n",
      "Distance between citiy  7 and 20  : \n",
      "82\n",
      "Distance between citiy  7 and 21  : \n",
      "36\n",
      "Distance between citiy  7 and 22  : \n",
      "197\n",
      "Distance between citiy  7 and 23  : \n",
      "53\n",
      "Distance between citiy  7 and 24  : \n",
      "186\n",
      "Distance between citiy  7 and 25  : \n",
      "231\n",
      "Distance between citiy  7 and 26  : \n",
      "112\n",
      "Distance between citiy  7 and 27  : \n",
      "153\n",
      "Distance between citiy  7 and 28  : \n",
      "91\n",
      "Distance between citiy  8 and 9  : \n",
      "115\n",
      "Distance between citiy  8 and 10  : \n",
      "204\n",
      "Distance between citiy  8 and 11  : \n",
      "201\n",
      "Distance between citiy  8 and 12  : \n",
      "60\n",
      "Distance between citiy  8 and 13  : \n",
      "245\n",
      "Distance between citiy  8 and 14  : \n"
     ]
    },
    {
     "name": "stdout",
     "output_type": "stream",
     "text": [
      "214\n",
      "Distance between citiy  8 and 15  : \n",
      "121\n",
      "Distance between citiy  8 and 16  : \n",
      "290\n",
      "Distance between citiy  8 and 17  : \n",
      "259\n",
      "Distance between citiy  8 and 18  : \n",
      "88\n",
      "Distance between citiy  8 and 19  : \n",
      "159\n",
      "Distance between citiy  8 and 20  : \n",
      "113\n",
      "Distance between citiy  8 and 21  : \n",
      "176\n",
      "Distance between citiy  8 and 22  : \n",
      "254\n",
      "Distance between citiy  8 and 23  : \n",
      "136\n",
      "Distance between citiy  8 and 24  : \n",
      "78\n",
      "Distance between citiy  8 and 25  : \n",
      "282\n",
      "Distance between citiy  8 and 26  : \n",
      "203\n",
      "Distance between citiy  8 and 27  : \n",
      "179\n",
      "Distance between citiy  8 and 28  : \n",
      "114\n",
      "Distance between citiy  9 and 10  : \n",
      "227\n",
      "Distance between citiy  9 and 11  : \n",
      "150\n",
      "Distance between citiy  9 and 12  : \n",
      "215\n",
      "Distance between citiy  9 and 13  : \n",
      "86\n",
      "Distance between citiy  9 and 14  : \n",
      "201\n",
      "Distance between citiy  9 and 15  : \n",
      "162\n",
      "Distance between citiy  9 and 16  : \n",
      "251\n",
      "Distance between citiy  9 and 17  : \n",
      "230\n",
      "Distance between citiy  9 and 18  : \n",
      "240\n",
      "Distance between citiy  9 and 19  : \n",
      "25\n",
      "Distance between citiy  9 and 20  : \n",
      "219\n",
      "Distance between citiy  9 and 21  : \n",
      "345\n",
      "Distance between citiy  9 and 22  : \n",
      "150\n",
      "Distance between citiy  9 and 23  : \n",
      "196\n",
      "Distance between citiy  9 and 24  : \n",
      "94\n",
      "Distance between citiy  9 and 25  : \n",
      "218\n",
      "Distance between citiy  9 and 26  : \n",
      "261\n",
      "Distance between citiy  9 and 27  : \n",
      "239\n",
      "Distance between citiy  9 and 28  : \n",
      "221\n",
      "Distance between citiy  10 and 11  : \n",
      "95\n",
      "Distance between citiy  10 and 12  : \n",
      "87\n",
      "Distance between citiy  10 and 13  : \n",
      "267\n",
      "Distance between citiy  10 and 14  : \n",
      "34\n",
      "Distance between citiy  10 and 15  : \n",
      "175\n",
      "Distance between citiy  10 and 16  : \n",
      "302\n",
      "Distance between citiy  10 and 17  : \n",
      "216\n",
      "Distance between citiy  10 and 18  : \n",
      "146\n",
      "Distance between citiy  10 and 19  : \n",
      "160\n",
      "Distance between citiy  10 and 20  : \n",
      "85\n",
      "Distance between citiy  10 and 21  : \n",
      "63\n",
      "Distance between citiy  10 and 22  : \n",
      "222\n",
      "Distance between citiy  10 and 23  : \n",
      "56\n",
      "Distance between citiy  10 and 24  : \n",
      "136\n",
      "Distance between citiy  10 and 25  : \n",
      "225\n",
      "Distance between citiy  10 and 26  : \n",
      "48\n",
      "Distance between citiy  10 and 27  : \n",
      "300\n",
      "Distance between citiy  10 and 28  : \n",
      "204\n",
      "Distance between citiy  11 and 12  : \n",
      "82\n",
      "Distance between citiy  11 and 13  : \n",
      "176\n",
      "Distance between citiy  11 and 14  : \n",
      "248\n",
      "Distance between citiy  11 and 15  : \n",
      "96\n",
      "Distance between citiy  11 and 16  : \n",
      "275\n",
      "Distance between citiy  11 and 17  : \n",
      "242\n",
      "Distance between citiy  11 and 18  : \n",
      "122\n",
      "Distance between citiy  11 and 19  : \n",
      "165\n",
      "Distance between citiy  11 and 20  : \n",
      "90\n",
      "Distance between citiy  11 and 21  : \n",
      "152\n",
      "Distance between citiy  11 and 22  : \n",
      "216\n",
      "Distance between citiy  11 and 23  : \n",
      "144\n",
      "Distance between citiy  11 and 24  : \n",
      "114\n",
      "Distance between citiy  11 and 25  : \n",
      "260\n",
      "Distance between citiy  11 and 26  : \n",
      "151\n",
      "Distance between citiy  11 and 27  : \n",
      "127\n",
      "Distance between citiy  11 and 28  : \n",
      "252\n",
      "Distance between citiy  12 and 13  : \n",
      "225\n",
      "Distance between citiy  12 and 14  : \n",
      "137\n",
      "Distance between citiy  12 and 15  : \n",
      "271\n",
      "Distance between citiy  12 and 16  : \n",
      "129\n",
      "Distance between citiy  12 and 17  : \n",
      "218\n",
      "Distance between citiy  12 and 18  : \n",
      "203\n",
      "Distance between citiy  12 and 19  : \n",
      "231\n",
      "Distance between citiy  12 and 20  : \n",
      "121\n",
      "Distance between citiy  12 and 21  : \n",
      "322\n",
      "Distance between citiy  12 and 22  : \n",
      "200\n",
      "Distance between citiy  12 and 23  : \n",
      "187\n",
      "Distance between citiy  12 and 24  : \n",
      "274\n",
      "Distance between citiy  12 and 25  : \n",
      "168\n",
      "Distance between citiy  12 and 26  : \n",
      "212\n",
      "Distance between citiy  12 and 27  : \n",
      "201\n",
      "Distance between citiy  12 and 28  : \n",
      "214\n",
      "Distance between citiy  13 and 14  : \n",
      "168\n",
      "Distance between citiy  13 and 15  : \n",
      "142\n",
      "Distance between citiy  13 and 16  : \n",
      "274\n",
      "Distance between citiy  13 and 17  : \n",
      "69\n",
      "Distance between citiy  13 and 18  : \n",
      "202\n",
      "Distance between citiy  13 and 19  : \n",
      "146\n",
      "Distance between citiy  13 and 20  : \n",
      "249\n",
      "Distance between citiy  13 and 21  : \n",
      "270\n",
      "Distance between citiy  13 and 22  : \n",
      "260\n",
      "Distance between citiy  13 and 23  : \n",
      "104\n",
      "Distance between citiy  13 and 24  : \n",
      "88\n",
      "Distance between citiy  13 and 25  : \n",
      "124\n",
      "Distance between citiy  13 and 26  : \n",
      "83\n",
      "Distance between citiy  13 and 27  : \n",
      "258\n",
      "Distance between citiy  13 and 28  : \n",
      "205\n",
      "Distance between citiy  14 and 15  : \n",
      "103\n",
      "Distance between citiy  14 and 16  : \n",
      "204\n",
      "Distance between citiy  14 and 17  : \n",
      "236\n",
      "Distance between citiy  14 and 18  : \n",
      "58\n",
      "Distance between citiy  14 and 19  : \n",
      "119\n",
      "Distance between citiy  14 and 20  : \n",
      "67\n",
      "Distance between citiy  14 and 21  : \n",
      "209\n",
      "Distance between citiy  14 and 22  : \n",
      "91\n",
      "Distance between citiy  14 and 23  : \n",
      "160\n",
      "Distance between citiy  14 and 24  : \n",
      "139\n",
      "Distance between citiy  14 and 25  : \n",
      "293\n",
      "Distance between citiy  14 and 26  : \n",
      "165\n",
      "Distance between citiy  14 and 27  : \n",
      "115\n",
      "Distance between citiy  14 and 28  : \n",
      "234\n",
      "Distance between citiy  15 and 16  : \n",
      "266\n",
      "Distance between citiy  15 and 17  : \n",
      "148\n",
      "Distance between citiy  15 and 18  : \n",
      "272\n",
      "Distance between citiy  15 and 19  : \n",
      "60\n",
      "Distance between citiy  15 and 20  : \n",
      "50\n",
      "Distance between citiy  15 and 21  : \n",
      "300\n",
      "Distance between citiy  15 and 22  : \n",
      "111\n",
      "Distance between citiy  15 and 23  : \n",
      "48\n",
      "Distance between citiy  15 and 24  : \n",
      "281\n",
      "Distance between citiy  15 and 25  : \n",
      "154\n",
      "Distance between citiy  15 and 26  : \n",
      "191\n",
      "Distance between citiy  15 and 27  : \n",
      "71\n",
      "Distance between citiy  15 and 28  : \n",
      "160\n",
      "Distance between citiy  16 and 17  : \n",
      "205\n",
      "Distance between citiy  16 and 18  : \n",
      "148\n",
      "Distance between citiy  16 and 19  : \n",
      "160\n",
      "Distance between citiy  16 and 20  : \n",
      "120\n",
      "Distance between citiy  16 and 21  : \n",
      "281\n",
      "Distance between citiy  16 and 22  : \n",
      "205\n",
      "Distance between citiy  16 and 23  : \n",
      "169\n",
      "Distance between citiy  16 and 24  : \n",
      "158\n",
      "Distance between citiy  16 and 25  : \n",
      "57\n",
      "Distance between citiy  16 and 26  : \n",
      "134\n",
      "Distance between citiy  16 and 27  : \n",
      "258\n",
      "Distance between citiy  16 and 28  : \n",
      "153\n",
      "Distance between citiy  17 and 18  : \n",
      "149\n",
      "Distance between citiy  17 and 19  : \n",
      "49\n",
      "Distance between citiy  17 and 20  : \n",
      "151\n",
      "Distance between citiy  17 and 21  : \n",
      "119\n",
      "Distance between citiy  17 and 22  : \n",
      "238\n",
      "Distance between citiy  17 and 23  : \n",
      "111\n",
      "Distance between citiy  17 and 24  : \n",
      "72\n",
      "Distance between citiy  17 and 25  : \n",
      "200\n",
      "Distance between citiy  17 and 26  : \n",
      "192\n",
      "Distance between citiy  17 and 27  : \n",
      "149\n",
      "Distance between citiy  17 and 28  : \n",
      "272\n",
      "Distance between citiy  18 and 19  : \n",
      "120\n",
      "Distance between citiy  18 and 20  : \n",
      "41\n",
      "Distance between citiy  18 and 21  : \n",
      "300\n",
      "Distance between citiy  18 and 22  : \n",
      "192\n",
      "Distance between citiy  18 and 23  : \n",
      "131\n",
      "Distance between citiy  18 and 24  : \n",
      "238\n",
      "Distance between citiy  18 and 25  : \n",
      "338\n",
      "Distance between citiy  18 and 26  : \n",
      "39\n",
      "Distance between citiy  18 and 27  : \n",
      "107\n",
      "Distance between citiy  18 and 28  : \n",
      "135\n",
      "Distance between citiy  19 and 20  : \n",
      "58\n",
      "Distance between citiy  19 and 21  : \n",
      "211\n",
      "Distance between citiy  19 and 22  : \n",
      "350\n",
      "Distance between citiy  19 and 23  : \n",
      "114\n",
      "Distance between citiy  19 and 24  : \n",
      "244\n",
      "Distance between citiy  19 and 25  : \n",
      "98\n",
      "Distance between citiy  19 and 26  : \n",
      "144\n",
      "Distance between citiy  19 and 27  : \n",
      "64\n",
      "Distance between citiy  19 and 28  : \n",
      "90\n",
      "Distance between citiy  20 and 21  : \n",
      "257\n",
      "Distance between citiy  20 and 22  : \n",
      "226\n",
      "Distance between citiy  20 and 23  : \n",
      "239\n",
      "Distance between citiy  20 and 24  : \n",
      "110\n",
      "Distance between citiy  20 and 25  : \n",
      "51\n",
      "Distance between citiy  20 and 26  : \n",
      "139\n",
      "Distance between citiy  20 and 27  : \n",
      "237\n",
      "Distance between citiy  20 and 28  : \n",
      "210\n",
      "Distance between citiy  21 and 22  : \n",
      "152\n",
      "Distance between citiy  21 and 23  : \n",
      "116\n",
      "Distance between citiy  21 and 24  : \n",
      "322\n",
      "Distance between citiy  21 and 25  : \n",
      "192\n",
      "Distance between citiy  21 and 26  : \n",
      "166\n",
      "Distance between citiy  21 and 27  : \n",
      "52\n",
      "Distance between citiy  21 and 28  : \n",
      "331\n",
      "Distance between citiy  22 and 23  : \n",
      "52\n",
      "Distance between citiy  22 and 24  : \n",
      "197\n",
      "Distance between citiy  22 and 25  : \n",
      "78\n",
      "Distance between citiy  22 and 26  : \n",
      "136\n",
      "Distance between citiy  22 and 27  : \n",
      "95\n",
      "Distance between citiy  22 and 28  : \n",
      "120\n",
      "Distance between citiy  23 and 24  : \n",
      "180\n",
      "Distance between citiy  23 and 25  : \n",
      "89\n",
      "Distance between citiy  23 and 26  : \n",
      "276\n",
      "Distance between citiy  23 and 27  : \n",
      "173\n",
      "Distance between citiy  23 and 28  : \n",
      "69\n",
      "Distance between citiy  24 and 25  : \n",
      "136\n",
      "Distance between citiy  24 and 26  : \n",
      "153\n",
      "Distance between citiy  24 and 27  : \n"
     ]
    },
    {
     "name": "stdout",
     "output_type": "stream",
     "text": [
      "220\n",
      "Distance between citiy  24 and 28  : \n",
      "173\n",
      "Distance between citiy  25 and 26  : \n",
      "82\n",
      "Distance between citiy  25 and 27  : \n",
      "124\n",
      "Distance between citiy  25 and 28  : \n",
      "60\n",
      "Distance between citiy  26 and 27  : \n",
      "34\n",
      "Distance between citiy  26 and 28  : \n",
      "74\n",
      "Distance between citiy  27 and 28  : \n",
      "145\n"
     ]
    },
    {
     "data": {
      "text/plain": [
       "array([[  0.,  97., 129., 219., 167.,  51., 279., 178., 169., 172., 140.,\n",
       "        320., 174., 144.,  61., 106., 215.,  61., 105., 113.,  79., 236.,\n",
       "        273., 112., 130., 281., 213.,  94., 162.],\n",
       "       [ 97.,   0., 205., 103., 125., 182., 296., 114., 328., 151., 309.,\n",
       "        195., 146., 311.,  86., 165., 110., 159., 155., 100., 152., 163.,\n",
       "        201., 226., 130., 178., 120., 145., 217.],\n",
       "       [129., 205.,   0., 139.,  71., 175., 180., 150.,  56., 206., 227.,\n",
       "         68.,  51.,  64., 258.,  57.,  51.,  56.,  64., 157., 176., 127.,\n",
       "        220.,  90., 148., 286.,  38., 205.,  36.],\n",
       "       [219., 103., 139.,   0.,  86., 105., 386., 162.,  42., 150., 147.,\n",
       "        133., 169., 117.,  68., 196., 189.,  32.,  49., 126., 235.,  66.,\n",
       "        150., 119., 195., 296.,  74.,  75., 270.],\n",
       "       [167., 125.,  71.,  86.,   0.,  60., 258., 269., 208., 131., 278.,\n",
       "        308., 104., 286.,  72., 143., 347., 128., 105.,  91., 128.,  47.,\n",
       "        253., 106., 164.,  90., 238., 155., 180.],\n",
       "       [ 51., 182., 175., 105.,  60.,   0., 220., 154., 134.,  39., 268.,\n",
       "         46., 172., 242., 242., 104., 106., 288.,  71., 127., 153., 190.,\n",
       "        305., 183.,  52., 135., 127., 291., 291.],\n",
       "       [279., 296., 180., 386., 258., 220.,   0.,  65., 112., 184., 102.,\n",
       "         88., 133., 203., 182., 208., 153.,  88., 243.,  71., 201.,  91.,\n",
       "         98., 243., 146., 235., 152.,  84., 269.],\n",
       "       [178., 114., 150., 162., 269., 154.,  65.,   0., 111.,  65., 313.,\n",
       "        227., 131., 266., 165.,  84., 315.,  93.,  81., 192.,  82.,  36.,\n",
       "        197.,  53., 186., 231., 112., 153.,  91.],\n",
       "       [169., 328.,  56.,  42., 208., 134., 112., 111.,   0., 115., 204.,\n",
       "        201.,  60., 245., 214., 121., 290., 259.,  88., 159., 113., 176.,\n",
       "        254., 136.,  78., 282., 203., 179., 114.],\n",
       "       [172., 151., 206., 150., 131.,  39., 184.,  65., 115.,   0., 227.,\n",
       "        150., 215.,  86., 201., 162., 251., 230., 240.,  25., 219., 345.,\n",
       "        150., 196.,  94., 218., 261., 239., 221.],\n",
       "       [140., 309., 227., 147., 278., 268., 102., 313., 204., 227.,   0.,\n",
       "         95.,  87., 267.,  34., 175., 302., 216., 146., 160.,  85.,  63.,\n",
       "        222.,  56., 136., 225.,  48., 300., 204.],\n",
       "       [320., 195.,  68., 133., 308.,  46.,  88., 227., 201., 150.,  95.,\n",
       "          0.,  82., 176., 248.,  96., 275., 242., 122., 165.,  90., 152.,\n",
       "        216., 144., 114., 260., 151., 127., 252.],\n",
       "       [174., 146.,  51., 169., 104., 172., 133., 131.,  60., 215.,  87.,\n",
       "         82.,   0., 225., 137., 271., 129., 218., 203., 231., 121., 322.,\n",
       "        200., 187., 274., 168., 212., 201., 214.],\n",
       "       [144., 311.,  64., 117., 286., 242., 203., 266., 245.,  86., 267.,\n",
       "        176., 225.,   0., 168., 142., 274.,  69., 202., 146., 249., 270.,\n",
       "        260., 104.,  88., 124.,  83., 258., 205.],\n",
       "       [ 61.,  86., 258.,  68.,  72., 242., 182., 165., 214., 201.,  34.,\n",
       "        248., 137., 168.,   0., 103., 204., 236.,  58., 119.,  67., 209.,\n",
       "         91., 160., 139., 293., 165., 115., 234.],\n",
       "       [106., 165.,  57., 196., 143., 104., 208.,  84., 121., 162., 175.,\n",
       "         96., 271., 142., 103.,   0., 266., 148., 272.,  60.,  50., 300.,\n",
       "        111.,  48., 281., 154., 191.,  71., 160.],\n",
       "       [215., 110.,  51., 189., 347., 106., 153., 315., 290., 251., 302.,\n",
       "        275., 129., 274., 204., 266.,   0., 205., 148., 160., 120., 281.,\n",
       "        205., 169., 158.,  57., 134., 258., 153.],\n",
       "       [ 61., 159.,  56.,  32., 128., 288.,  88.,  93., 259., 230., 216.,\n",
       "        242., 218.,  69., 236., 148., 205.,   0., 149.,  49., 151., 119.,\n",
       "        238., 111.,  72., 200., 192., 149., 272.],\n",
       "       [105., 155.,  64.,  49., 105.,  71., 243.,  81.,  88., 240., 146.,\n",
       "        122., 203., 202.,  58., 272., 148., 149.,   0., 120.,  41., 300.,\n",
       "        192., 131., 238., 338.,  39., 107., 135.],\n",
       "       [113., 100., 157., 126.,  91., 127.,  71., 192., 159.,  25., 160.,\n",
       "        165., 231., 146., 119.,  60., 160.,  49., 120.,   0.,  58., 211.,\n",
       "        350., 114., 244.,  98., 144.,  64.,  90.],\n",
       "       [ 79., 152., 176., 235., 128., 153., 201.,  82., 113., 219.,  85.,\n",
       "         90., 121., 249.,  67.,  50., 120., 151.,  41.,  58.,   0., 257.,\n",
       "        226., 239., 110.,  51., 139., 237., 210.],\n",
       "       [236., 163., 127.,  66.,  47., 190.,  91.,  36., 176., 345.,  63.,\n",
       "        152., 322., 270., 209., 300., 281., 119., 300., 211., 257.,   0.,\n",
       "        152., 116., 322., 192., 166.,  52., 331.],\n",
       "       [273., 201., 220., 150., 253., 305.,  98., 197., 254., 150., 222.,\n",
       "        216., 200., 260.,  91., 111., 205., 238., 192., 350., 226., 152.,\n",
       "          0.,  52., 197.,  78., 136.,  95., 120.],\n",
       "       [112., 226.,  90., 119., 106., 183., 243.,  53., 136., 196.,  56.,\n",
       "        144., 187., 104., 160.,  48., 169., 111., 131., 114., 239., 116.,\n",
       "         52.,   0., 180.,  89., 276., 173.,  69.],\n",
       "       [130., 130., 148., 195., 164.,  52., 146., 186.,  78.,  94., 136.,\n",
       "        114., 274.,  88., 139., 281., 158.,  72., 238., 244., 110., 322.,\n",
       "        197., 180.,   0., 136., 153., 220., 173.],\n",
       "       [281., 178., 286., 296.,  90., 135., 235., 231., 282., 218., 225.,\n",
       "        260., 168., 124., 293., 154.,  57., 200., 338.,  98.,  51., 192.,\n",
       "         78.,  89., 136.,   0.,  82., 124.,  60.],\n",
       "       [213., 120.,  38.,  74., 238., 127., 152., 112., 203., 261.,  48.,\n",
       "        151., 212.,  83., 165., 191., 134., 192.,  39., 144., 139., 166.,\n",
       "        136., 276., 153.,  82.,   0.,  34.,  74.],\n",
       "       [ 94., 145., 205.,  75., 155., 291.,  84., 153., 179., 239., 300.,\n",
       "        127., 201., 258., 115.,  71., 258., 149., 107.,  64., 237.,  52.,\n",
       "         95., 173., 220., 124.,  34.,   0., 145.],\n",
       "       [162., 217.,  36., 270., 180., 291., 269.,  91., 114., 221., 204.,\n",
       "        252., 214., 205., 234., 160., 153., 272., 135.,  90., 210., 331.,\n",
       "        120.,  69., 173.,  60.,  74., 145.,   0.]])"
      ]
     },
     "execution_count": 36,
     "metadata": {},
     "output_type": "execute_result"
    }
   ],
   "source": [
    "dist_matrix=data_input()\n",
    "dist_matrix"
   ]
  },
  {
   "cell_type": "markdown",
   "metadata": {},
   "source": [
    "#### Genetic function"
   ]
  },
  {
   "cell_type": "code",
   "execution_count": 37,
   "metadata": {},
   "outputs": [],
   "source": [
    "def pop_generation(pop_size,high_rank):\n",
    "    p=[]\n",
    "    for i in range(pop_size):\n",
    "        p.append(np.random.choice(high_rank, high_rank,replace=False).tolist())\n",
    "    return p"
   ]
  },
  {
   "cell_type": "code",
   "execution_count": 38,
   "metadata": {},
   "outputs": [],
   "source": [
    "def selection(ini_pop,dist_matrix):\n",
    "    fitness=[]\n",
    "    for i in range(len(ini_pop)):\n",
    "        fitness=[distance_travelled(i,dist_matrix) for i in ini_pop]\n",
    "    indices=np.argsort(fitness)\n",
    "    f_indices=indices[:int(len(indices)/2)]\n",
    "    return fitness,[ini_pop[i] for i in f_indices]"
   ]
  },
  {
   "cell_type": "code",
   "execution_count": 39,
   "metadata": {},
   "outputs": [],
   "source": [
    "def borda_scores(ranks):\n",
    "    ranks=ranks.astype(int)\n",
    "    \n",
    "    scores={}\n",
    "    for k in range(np.min(ranks),np.max(ranks)+1):\n",
    "        scores[k]=0\n",
    "        \n",
    "    for i in ranks:\n",
    "        for j in range(len(i)):\n",
    "            for k in range(np.min(ranks),np.max(ranks)+1):\n",
    "                if i[j]==k:\n",
    "                    scores[k] +=1*(j+1)\n",
    "    return scores"
   ]
  },
  {
   "cell_type": "code",
   "execution_count": 40,
   "metadata": {},
   "outputs": [],
   "source": [
    "def borda_solutions(ranks):\n",
    "    fd = {}   \n",
    "    for key, value in borda_scores(ranks).items(): \n",
    "        if value not in fd: \n",
    "            fd[value] = [key] \n",
    "        else: \n",
    "            fd[value].append(key)\n",
    "            \n",
    "    new_dict={}\n",
    "    for a in np.sort(list(map(int,fd.keys()))).tolist():\n",
    "        new_dict[a]=fd[a]\n",
    "        \n",
    "    k=list(new_dict.values())\n",
    "    l=[]\n",
    "    for i in range(len(k)):\n",
    "        l=l+random.sample(k[i],len(k[i]))\n",
    "    return l"
   ]
  },
  {
   "cell_type": "code",
   "execution_count": 41,
   "metadata": {},
   "outputs": [],
   "source": [
    "def borda_crossover(pop):\n",
    "    fb=[]\n",
    "    for r in range(len(pop)*2):\n",
    "        k=np.random.choice(len(pop),2,replace=False)\n",
    "        ranks=np.array([pop[k[0]],pop[k[1]]])\n",
    "        b=borda_solutions(ranks)\n",
    "        fb.append(b)\n",
    "    return fb"
   ]
  },
  {
   "cell_type": "code",
   "execution_count": 108,
   "metadata": {},
   "outputs": [],
   "source": [
    "def mutation(x):\n",
    "    k=random.sample(range(len(x)),2)\n",
    "    a=x[k[0]]\n",
    "    b=x[k[1]]\n",
    "    x[k[0]]=b\n",
    "    x[k[1]]=a\n",
    "    return x"
   ]
  },
  {
   "cell_type": "markdown",
   "metadata": {},
   "source": [
    "# Initial Conditions"
   ]
  },
  {
   "cell_type": "code",
   "execution_count": 144,
   "metadata": {},
   "outputs": [],
   "source": [
    "pop_size=100\n",
    "generation=10000"
   ]
  },
  {
   "cell_type": "code",
   "execution_count": 145,
   "metadata": {},
   "outputs": [],
   "source": [
    "pop=pop_generation(pop_size,len(dist_matrix))\n",
    "a=pop\n",
    "#pop"
   ]
  },
  {
   "cell_type": "code",
   "execution_count": 146,
   "metadata": {},
   "outputs": [
    {
     "name": "stdout",
     "output_type": "stream",
     "text": [
      "Duration: 0:43:14.848489\n"
     ]
    }
   ],
   "source": [
    "start_time = datetime.now()\n",
    "gener=0\n",
    "mean=[]\n",
    "median=[]\n",
    "minimum=[]\n",
    "for gen in range(generation):\n",
    "    \n",
    "    ####------------ selection---------------------------\n",
    "    fit,ini_pop=selection(pop,dist_matrix)\n",
    "    ####-------------------------------------------------\n",
    "    \n",
    "    ####------------mean, median & minimum---------------\n",
    "    mean.append(np.mean(fit))\n",
    "    median.append(np.median(fit))\n",
    "    minimum.append(np.min(fit))\n",
    "    \n",
    "    #------------ crossover------------------------------\n",
    "    crossover_pop=borda_crossover(ini_pop)\n",
    "    #-----------------------------------------------------\n",
    "    \n",
    "    ####-----------mutation-------------------------------\n",
    "    mut_pop=[]\n",
    "    for j in range(len(crossover_pop)):\n",
    "        mut_pop += [mutation(crossover_pop[j])]\n",
    "    ####-------------------------------------------------\n",
    "    \n",
    "    pop= mut_pop\n",
    "end_time = datetime.now()\n",
    "print('Duration: {}'.format(end_time - start_time))"
   ]
  },
  {
   "cell_type": "code",
   "execution_count": 147,
   "metadata": {},
   "outputs": [
    {
     "data": {
